1.816020395371764629e-01 9.393770171197246555e-03 1.342028417879618241e-01 2.340629622351473316e-01 2.587220188250107800e-01 5.258338994695759272e-01 3.136707434903290848e-01 9.328236137493375324e-01 3.100213557065167880e-01 1.679727982443371959e-01 4.207069819157371882e-02 7.105253465681639069e-01 6.747454179291134668e-01 8.163121514127624767e-01 3.597471262318836516e-01
5.984229209529485782e-01 5.186585287451302984e-01 5.381781465646447993e-01 7.339213509087848530e-01 8.184866217190905902e-01 1.446747331893748489e-01 5.047359270302009815e-02 4.102291352188569551e-01 6.803263126719312215e-01 9.252352219476047690e-01 9.670264952359238775e-01 8.645590814601833429e-02 9.262447169863641250e-01 1.519929852832602180e-02 3.307224242497449618e-01
1.921763836281480398e-01 1.987576224761729016e-01 6.328231249787115154e-01 6.324360085772036122e-01 5.756085588763448779e-02 5.534797278722042302e-01 4.447854254363770021e-02 3.151535223295268695e-01 5.485604590688408777e-01 2.723216682131032185e-01 6.613093806605396807e-01 7.369393689388468172e-01 5.403181986246735624e-01 9.487144581421738110e-01 4.668622953185264102e-02
9.401984547367384648e-01 3.856167534813992326e-02 3.804739549036467716e-01 7.430567567836807719e-01 6.973878146427782143e-01 3.408794132590484693e-01 4.994616967082108339e-01 7.503855670654072663e-01 4.562013458610435501e-01 8.825392880615747782e-01 3.438494361875966687e-01 2.222554298332303224e-01 5.020441540751915399e-01 4.381370033895239935e-01 1.153448654268007800e-01
3.912270489101687954e-01 5.500197243041410333e-01 4.598725482997270131e-01 9.689476657019235883e-02 7.215272811303320433e-01 7.464750528844805721e-01 6.043749971547726085e-01 7.040117714407106986e-01 3.970835146831543927e-01 4.372659487377840160e-01 2.758928525957192734e-01 8.937356595153513883e-01 2.315677555669907184e-01 7.414640700671754070e-01 1.062876573598731111e-01
7.466227729638896804e-02 8.126714555182488198e-01 1.667580139367965675e-01 1.562995028251226159e-01 4.272388913799693988e-01 6.202704866152253249e-02 3.630045630451509409e-01 3.450269574851756449e-01 6.567363870489844047e-01 8.320318176139016586e-01 7.678457707403074650e-01 2.894322416112624641e-01 1.425607515368548794e-01 8.594514937325203885e-02 7.780965517222684369e-01
3.823629307112934583e-01 1.739804197813832332e-02 4.330848912528980632e-01 1.031754047557581488e-01 7.720371053747681067e-01 7.922611187451149561e-01 8.622376023335527329e-01 5.741260365290222767e-01 2.137461358608804263e-01 7.156876552125730484e-01 6.202486337400713312e-01 6.342072046787303741e-01 2.215643385967910328e-01 7.111480693332238312e-01 6.496123480378726001e-01
4.492869543492910012e-01 3.877046307715920070e-01 6.355349584042337963e-01 8.360111365776535797e-01 3.179199267589418731e-01 7.599944501061834945e-01 1.469588089183667678e-01 5.646018848843212812e-01 4.722332935214677008e-01 2.833627628728214720e-01 4.991180957826223397e-01 1.012530636256309124e-01 6.332226161603674575e-01 1.489201518502614174e-02 8.049440308667483723e-01
8.056648074575352148e-01 9.939671243277344859e-01 7.967266950047514618e-01 2.389414985524591639e-01 3.513666020387433697e-01 1.123673985574066281e-01 2.205642832418839294e-01 6.137008089533995125e-01 2.294029974008821027e-01 1.707531109383451096e-01 1.034423626965880194e-01 2.978566256699266557e-02 5.710641011426296210e-01 6.535887522057755028e-01 4.396107648158784631e-01
9.582119255891521359e-01 2.530186261579951967e-01 1.335676838151371726e-01 1.720575774075010500e-01 2.951951865145469034e-01 4.750497151572575794e-01 9.054147616818684075e-01 5.263287144675188323e-01 2.152814011758750201e-01 5.020152865794411667e-01 1.086648690613452040e-01 4.157571982524363996e-01 6.039550053369546756e-01 5.444797361660251855e-01 1.821177572252641319e-01
1.498206205268860502e-01 6.702044323341385113e-01 2.674121560685427390e-02 8.232374321516976456e-01 2.867327338975298456e-01 4.175858976493803665e-01 8.989846655344838622e-01 7.764402668783774164e-01 6.399952961486863323e-01 7.222433817404724232e-01 1.487112059411715981e-01 4.749919321781242987e-01 5.832990664193969943e-01 1.514016449333865921e-02 6.578083173253523874e-02
2.998805518740701448e-01 1.412135730394366018e-01 2.513785845539009411e-01 1.052189295012762038e-02 8.584465756549551907e-01 1.111097826557428947e-01 7.079198362409129253e-01 2.895585452522575487e-01 2.022793218804509463e-01 8.441525696296481307e-01 4.284456646958224590e-01 7.370373127354399312e-01 6.644282384748245729e-02 3.888076551131830483e-01 8.348752794477825034e-01
2.007524236150034502e-01 3.079605676453633922e-02 1.757388971441942171e-01 7.166248615926704701e-01 8.619086295620641547e-01 1.141798858760557644e-01 1.452079111417177160e-01 2.430247696260476875e-01 1.404702696143588225e-01 1.369792683401782618e-01 9.839682648714687119e-02 8.570455472805259545e-01 5.654399530013108910e-01 3.088166412263299021e-01 6.332728072571607303e-01
4.101305647349341443e-01 1.794853663891535778e-01 5.509476067841534430e-02 3.692204686032939387e-01 7.563943877642315128e-01 3.535764857054911614e-01 6.445423034811871288e-01 8.230528733592181734e-01 4.358904991187189104e-01 8.067013481126636965e-01 9.401965486980480291e-01 5.298827458615387176e-01 4.832325525316163439e-01 3.669127506674888517e-01 6.583014383717057383e-01
9.484738223202093810e-01 9.339331743145451448e-01 6.792333412353465105e-01 6.652806801447963547e-01 7.322519044899555851e-02 1.019727622288822966e-01 6.778615406280819045e-01 1.433304920589876241e-01 1.540678772216329540e-01 1.657456853056454849e-01 6.796685549278035365e-01 3.176671661168676275e-01 2.525886742684456676e-01 8.694658060357428608e-01 6.207961166866857727e-01
